%YAML:1.0
---
# Ear tracker type: 0 (ET_32)
TrackerType: 0
ImageSize: [ 4096, 4096 ]
# Ear feature points in image space. Invalid points have zero coordinates
Point2f: !!opencv-matrix
   rows: 1
   cols: 32
   dt: "2f"
   data: [ 9.17178650e+02, 1.14380896e+03, 8.36004272e+02,
       1.10370300e+03, 7.64000488e+02, 1.13351733e+03, 7.35526428e+02,
       1.21621021e+03, 7.42444336e+02, 1.30889844e+03, 7.67014709e+02,
       1.39721375e+03, 8.08321228e+02, 1.47684497e+03, 8.70536621e+02,
       1.53735376e+03, 9.37112427e+02, 1.56879248e+03, 1.02147839e+03,
       1.55197510e+03, 9.72711792e+02, 1.43592017e+03, 9.12025940e+02,
       1.40714294e+03, 8.24792053e+02, 1.36739539e+03, 8.50567322e+02,
       1.28580176e+03, 9.01981079e+02, 1.25802661e+03, 9.48536987e+02,
       1.31419897e+03, 3.18014844e+03, 1.12729968e+03, 3.27192139e+03,
       1.08457043e+03, 3.35651514e+03, 1.11648962e+03, 3.39447583e+03,
       1.20291846e+03, 3.38668115e+03, 1.29571338e+03, 3.35559351e+03,
       1.38301624e+03, 3.30808838e+03, 1.45962354e+03, 3.24393213e+03,
       1.51637720e+03, 3.17833154e+03, 1.55396582e+03, 3.08675928e+03,
       1.54328125e+03, 3.13163379e+03, 1.42082959e+03, 3.19502686e+03,
       1.39204199e+03, 3.28765332e+03, 1.35691406e+03, 3.26369922e+03,
       1.26670776e+03, 3.20524243e+03, 1.23122729e+03, 3.15396826e+03,
       1.29303638e+03 ]
# Ear feature points in 3d object space. Invalid points have zero coordinates
Point3f: !!opencv-matrix
   rows: 1
   cols: 32
   dt: "3f"
   data: [ -9.34215927e+01, 3.08696632e+01, -1.17724285e+01,
       -9.75482788e+01, 3.77618027e+01, -2.45185871e+01, -9.53122253e+01,
       3.52289276e+01, -3.61425247e+01, -9.60519791e+01, 2.50600872e+01,
       -4.27794418e+01, -9.61935425e+01, 1.27881165e+01, -4.31006737e+01,
       -9.37057266e+01, 5.78832984e-01, -3.92018661e+01, -9.02451401e+01,
       -1.08141184e+01, -3.25572319e+01, -9.04641266e+01,
       -1.98650532e+01, -2.43005390e+01, -9.00937958e+01,
       -2.51511555e+01, -1.52585726e+01, -8.16393890e+01,
       -2.43842030e+01, -3.31217027e+00, -8.23644333e+01,
       -8.44516659e+00, -7.57914448e+00, -8.05371475e+01,
       -3.76826978e+00, -1.45388308e+01, -7.90308228e+01, 2.76851940e+00,
       -2.47785206e+01, -8.24244843e+01, 1.31442490e+01, -2.10156078e+01,
       -8.58341599e+01, 1.60225773e+01, -1.44110365e+01, -8.51761093e+01,
       7.89809799e+00, -9.00878811e+00, 9.26897049e+01, 3.30388336e+01,
       -1.15795441e+01, 9.40948944e+01, 4.03700371e+01, -2.50635948e+01,
       9.03633728e+01, 3.76986809e+01, -3.78368073e+01, 8.87077637e+01,
       2.70838776e+01, -4.48831635e+01, 8.99378281e+01, 1.48541107e+01,
       -4.56635094e+01, 8.81466751e+01, 2.67832208e+00, -4.09422226e+01,
       8.53685226e+01, -8.39654350e+00, -3.36170006e+01, 8.46964417e+01,
       -1.69773483e+01, -2.51269398e+01, 8.54998856e+01, -2.29683590e+01,
       -1.69967709e+01, 8.20889587e+01, -2.30585308e+01, -4.70405483e+00,
       8.11393204e+01, -6.35477972e+00, -8.27934170e+00, 7.89528503e+01,
       -1.65718877e+00, -1.53962307e+01, 8.02967453e+01, 4.46236992e+00,
       -2.72353039e+01, 8.17341309e+01, 1.59220486e+01, -2.29835091e+01,
       8.44840546e+01, 1.96824188e+01, -1.52271633e+01, 8.32674026e+01,
       1.07430172e+01, -9.28536892e+00 ]
