%YAML:1.0
---
# Face tracker type: 0(Unknown) 1(ASM) 2(MT)
TrackerType: 1
ImageSize: [ 4096, 4096 ]
# Face feature points in image space. Invalid points have zero coordinates
Point2f: !!opencv-matrix
   rows: 1
   cols: 77
   dt: "2f"
   data: [ 1.46933337e+03, 1.07924402e+03, 1.47733337e+03,
       1.28636487e+03, 1.49813342e+03, 1.46341980e+03, 1.54133337e+03,
       1.64381543e+03, 1.67733337e+03, 1.84759558e+03, 1.85280005e+03,
       1.95115613e+03, 2.01920007e+03, 1.97120007e+03, 2.18880005e+03,
       1.94447485e+03, 2.41653345e+03, 1.83089246e+03, 2.55253345e+03,
       1.63713416e+03, 2.59573340e+03, 1.46341980e+03, 2.61653345e+03,
       1.29638684e+03, 2.62453345e+03, 1.09260669e+03, 2.31040015e+03,
       5.07991211e+02, 2.03840002e+03, 4.51200012e+02, 1.76959998e+03,
       5.01309906e+02, 1.82080005e+03, 8.76799988e+02, 1.70880005e+03,
       8.83200012e+02, 1616., 9.56799988e+02, 1.71840002e+03,
       9.40799988e+02, 1.81759998e+03, 9.34400024e+02, 1.92959998e+03,
       9.31200012e+02, 2.18880005e+03, 9.31200012e+02, 2.29760010e+03,
       880., 2.40640015e+03, 8.89600037e+02, 2.48640015e+03,
       9.72799988e+02, 2.39680005e+03, 9.50400024e+02, 2.29760010e+03,
       9.40799988e+02, 2320., 9.95200012e+02, 1.78240002e+03,
       9.88799988e+02, 1872., 1.05920007e+03, 1.82720007e+03, 1024.,
       1.77920007e+03, 1.01120001e+03, 1.73440002e+03, 1024.,
       1.68959998e+03, 1056., 1.73440002e+03, 1.07840002e+03,
       1.77920007e+03, 1088., 1824., 1.07840002e+03, 1.77840002e+03,
       1.05120007e+03, 2.32119995e+03, 1.05159998e+03, 2224.,
       1.06240002e+03, 2272., 1.03040002e+03, 2320., 1.01440002e+03,
       2.36160010e+03, 1.03040002e+03, 2.40319995e+03, 1.06559998e+03,
       2.36160010e+03, 1.08480005e+03, 2.31680005e+03, 1.09120007e+03,
       2272., 1.08159998e+03, 2.13440015e+03, 1232., 2048., 1232.,
       1.96159998e+03, 1232., 1952., 1.37280005e+03, 2.05119995e+03,
       1.32480005e+03, 2.13760010e+03, 1376., 2.21440015e+03,
       1.33759998e+03, 2176., 1.40159998e+03, 2.04159998e+03, 1424.,
       1.90720007e+03, 1.39520007e+03, 1.86880005e+03, 1.33120007e+03,
       1.82720007e+03, 1.58720007e+03, 1.91040002e+03, 1.53920007e+03,
       1.98720007e+03, 1520., 2.03840002e+03, 1.52640002e+03,
       2.08319995e+03, 1.52320007e+03, 2.15680005e+03, 1.54240002e+03,
       2.22719995e+03, 1.59359998e+03, 2.12160010e+03, 1.58080005e+03,
       2.03520007e+03, 1.57440002e+03, 1.94240002e+03, 1.57440002e+03,
       1.93920007e+03, 1.57120007e+03, 2.02880005e+03, 1.58080005e+03,
       2.11840015e+03, 1.57440002e+03, 2.16640015e+03, 1.62880005e+03,
       2.10240015e+03, 1.63840002e+03, 2.02880005e+03, 1.64159998e+03,
       1.94880005e+03, 1.63520007e+03, 1.88480005e+03, 1.62240002e+03 ]
# Face feature points in 3d object space. Invalid points have zero coordinates
Point3f: !!opencv-matrix
   rows: 1
   cols: 77
   dt: "3f"
   data: [ -6.73530121e+01, 3.07553711e+01, 5.90035934e+01,
       -7.32322388e+01, 2.88589048e+00, 6.19228630e+01, -6.95199890e+01,
       -2.03760796e+01, 5.98417053e+01, -6.30116386e+01, -4.42461739e+01,
       5.90994530e+01, -4.59943161e+01, -7.18777161e+01, 6.36949425e+01,
       -2.62560387e+01, -8.70217285e+01, 7.50031815e+01, -3.92664671e+00,
       -9.01044693e+01, 7.84268494e+01, 1.89277840e+01, -8.62959671e+01,
       7.63199997e+01, 4.47139397e+01, -6.95096817e+01, 6.24779663e+01,
       6.16064796e+01, -4.32479401e+01, 5.81973381e+01, 6.78052216e+01,
       -2.02386742e+01, 5.87226486e+01, 7.18373947e+01, 1.66760075e+00,
       6.10034485e+01, 6.79081345e+01, 2.89066200e+01, 5.96049461e+01,
       2.49302902e+01, 1.06750351e+02, 7.21014481e+01, -8.51275682e-01,
       1.12703819e+02, 7.20749969e+01, -2.55915585e+01, 1.06881149e+02,
       6.97825089e+01, -3.08347187e+01, 5.35841293e+01, 9.20782700e+01,
       -4.51971130e+01, 5.34758110e+01, 8.60370560e+01, -5.53708420e+01,
       4.48111343e+01, 7.69861145e+01, -4.39047432e+01, 4.58863258e+01,
       8.55379639e+01, -3.05655975e+01, 4.62919464e+01, 8.91578140e+01,
       -1.56223803e+01, 4.64406471e+01, 9.14084244e+01, 1.84348755e+01,
       4.65681229e+01, 9.03702393e+01, 3.37094727e+01, 5.33073883e+01,
       9.08704834e+01, 4.77406921e+01, 5.27569275e+01, 8.49685211e+01,
       5.57345657e+01, 4.28346786e+01, 7.57746124e+01, 4.57112999e+01,
       4.48967285e+01, 8.32124710e+01, 3.23906822e+01, 4.57505608e+01,
       8.66436234e+01, 3.51668396e+01, 3.87646294e+01, 8.46906128e+01,
       -3.45408249e+01, 3.95168419e+01, 8.54877319e+01, -2.05528851e+01,
       3.10074768e+01, 7.86335754e+01, -2.69632244e+01, 3.53367424e+01,
       8.14531784e+01, -3.45325279e+01, 3.67181664e+01, 8.40492325e+01,
       -4.02747917e+01, 3.52609520e+01, 8.20705185e+01, -4.42556267e+01,
       3.16760349e+01, 7.66503067e+01, -3.86321526e+01, 2.85260677e+01,
       7.80728378e+01, -3.28894577e+01, 2.71264210e+01, 7.90869217e+01,
       -2.67052593e+01, 2.84502926e+01, 7.86899719e+01, -3.27968445e+01,
       3.19980774e+01, 7.92199783e+01, 3.34816628e+01, 3.18933620e+01,
       7.96401138e+01, 2.06462364e+01, 3.05476341e+01, 7.89169540e+01,
       2.75070572e+01, 3.44581528e+01, 8.16853409e+01, 3.48466988e+01,
       3.63402634e+01, 8.36652908e+01, 4.02886734e+01, 3.44202461e+01,
       8.19940796e+01, 4.40560875e+01, 3.03622093e+01, 7.69654694e+01,
       3.87478294e+01, 2.76615963e+01, 7.81899796e+01, 3.28894577e+01,
       2.67076931e+01, 7.90355225e+01, 2.66816769e+01, 2.80395947e+01,
       7.85731430e+01, 1.26029797e+01, 5.92634678e+00, 9.59711838e+01,
       -8.57483201e-07, 4.49847841e+00, 1.07600258e+02, -1.27126627e+01,
       5.82608557e+00, 9.67877960e+01, -1.41756315e+01, -1.26234074e+01,
       9.47320480e+01, 5.42266190e-01, -8.15882874e+00, 1.10296494e+02,
       1.37395973e+01, -1.35015783e+01, 9.84224930e+01, 2.25323486e+01,
       -6.89424896e+00, 8.61504898e+01, 1.79892788e+01, -1.57672606e+01,
       8.91814117e+01, -9.49726820e-01, -1.94657993e+01, 9.50717087e+01,
       -1.96907253e+01, -1.48453474e+01, 8.85964508e+01, -2.43427792e+01,
       -6.05245209e+00, 8.62180481e+01, -3.10932674e+01, -3.97885818e+01,
       8.40407867e+01, -2.08045311e+01, -3.45840645e+01, 9.35789413e+01,
       -9.50400639e+00, -3.26213570e+01, 9.83641129e+01, -1.50113499e+00,
       -3.34981117e+01, 9.85813751e+01, 5.48388052e+00, -3.30224648e+01,
       9.81692200e+01, 1.63481998e+01, -3.49962692e+01, 9.34743652e+01,
       2.51299572e+01, -4.07285004e+01, 8.47724152e+01, 1.10103884e+01,
       -4.00289803e+01, 9.29221039e+01, -1.98575115e+00, -3.96805496e+01,
       9.70077362e+01, -1.58910046e+01, -3.92076454e+01, 9.31562424e+01,
       -1.64030228e+01, -3.88045006e+01, 9.33346329e+01, -2.96572566e+00,
       -4.04626579e+01, 9.64541168e+01, 1.06165724e+01, -3.92912598e+01,
       9.38372269e+01, 1.70619755e+01, -4.57979050e+01, 8.79807434e+01,
       8.22681713e+00, -4.77183113e+01, 9.32361145e+01, -2.93421674e+00,
       -4.82881889e+01, 9.44157104e+01, -1.49750128e+01, -4.72132835e+01,
       9.25846786e+01, -2.33568192e+01, -4.47696800e+01, 8.65299225e+01 ]
